Sun
1.989E30
0.0
0.0
0.0
0.0
0.0
0.0

Mercury
3.30104E23
6.31985705769E10
-2.33489277966E9
-5.99273700535E9
-5988.86902882
42834.3065335
4048.62771728

Venus
4.86732E24
9.38202359636E10
5.51693080513E10
-4.66522493794E9
-17573.9796672
29990.6027003
1425.75709565

Earth
5.97219E24
-1.40895124877E11
-5.17344220501E10
607849.677222
9775.20681421
-28034.8670356
0.256594882705

Mars
6.41693E23
1.93907671866E11
7.16396574906E10
-3.28466186587E9
-9370.37353934
24767.6628128
748.896662766

Jupiter
1.89813E27
-6.61280658658E11
3.48707230468E11
1.33368894254E10
-6672.49703846
-11830.1480247
196.742188297

Saturn
5.68319E26
-1.99001519436E11
-1.36446830698E12
3.17744927345E10
9788.94481741
-1880.89547605
-357.771979987

Uranus
8.68103E25
-2.66419583433E12
-7.93770155926E11
3.1587424233E10
2235.59434115
-6652.18098887
-53.7835391801

Neptune
1.0241E26
-2.36135273962E12
3.80228985844E12
-2.38871325942E10
-4614.62552211
-2912.6197029
166.310205795

Pluto
1.309E22
-6.43034384885E12
-1.41553638321E12
2.01155112091E12
1597.73196131
-3678.74061622
-68.4984351277

Moon
0.0
-1.41187590319E11
-5.20051182786E10
3.62698389986E7
10411.1184662
-28777.2392411
-8.2086733739

Phobos
0.0
1.93907569519E11
7.16490369572E10
-3.28481847107E9
-11506.350636
24776.2841846
730.070418694

Deimos
0.0
1.93899868337E11
7.16175443268E10
-3.28518876968E9
-8096.06050089
24318.8298885
719.637503595

Io
0.0
-6.61424240125E11
3.49102119012E11
1.33371306167E10
-23015.1051651
-17795.8419891
201.174841142

Europa
0.0
-6.61611709538E11
3.49298171813E11
1.33314614165E10
-18557.4674442
-18465.7017316
177.649245522

Ganymede
0.0
-6.62172872081E11
3.48117609218E11
1.33385459537E10
-661.062798719
-20909.3845682
167.622892582

Callisto
0.0
-6.63162805069E11
3.48942048932E11
1.33317446326E10
-7678.99723057
-19909.8846717
180.724297253

Amalthea
0.0
-6.61280648543E11
3.48889219382E11
1.33364974725E10
-33013.6045096
-11835.9589878
361.993546082

Thebe
0.0
-6.61367402069E11
3.48499892347E11
1.33377416187E10
14974.0767943
-21193.5287554
633.316419137

Adrastea
0.0
-6.61166349558E11
3.48647068912E11
1.33370076226E10
7938.12750873
15846.1372172
189.710467736

Metis
0.0
-6.61152666754E11
3.48707228753E11
1.33368662547E10
-6709.62681057
19632.425744
188.007475148

Himalia
0.0
-6.65899606785E11
3.57697767066E11
1.77049226591E10
-9620.96820176
-13241.4315617
1324.1994341

Elara
0.0
-6.68396209436E11
3.4382339958E11
1.78593229895E10
-4236.91150742
-14838.8668939
-281.916266776

Pasiphae
0.0
-6.59596978271E11
3.24450941774E11
2.18982028271E10
-8544.88928319
-10929.7973424
585.742082361

Sinope
0.0
-6.84975699821E11
3.66775606434E11
1.61154793455E10
-5789.21664291
-10417.2087519
-434.565304711

Lysithea
0.0
-6.5119407678E11
3.51710094467E11
1.44133826919E10
-7972.65437668
-8856.95592722
1811.78694646

Carme
0.0
-6.76692303244E11
3.26512024741E11
7.08755833738E9
-7995.88794552
-10435.9999586
31.9246340254

Ananke
0.0
-6.45517463319E11
3.64902458747E11
6.50282919942E9
-5412.02160233
-13270.1732763
1249.55218964

Leda
0.0
-6.49892181896E11
3.46650450836E11
1.79870204022E10
-6146.47777671
-9044.9535276
-769.674197849

Callirrhoe
0.0
-6.75417446639E11
3.71797316302E11
1.88618139117E10
-5616.67949424
-10404.5130729
-678.279674578

Themisto
0.0
-6.55426538462E11
3.47189500874E11
1.58795510663E10
-5598.53086747
-8371.14297151
-2739.42797623

Megaclite
0.0
-6.89200739206E11
3.42322654784E11
2.80563291107E10
-7332.00704427
-10389.7482854
394.233292649

Taygete
0.0
-6.44550235215E11
3.29834522304E11
1.25919812366E10
-7830.53795858
-13566.8125261
709.031891923

Chaldene
0.0
-6.37345407938E11
3.52586356127E11
1.85992578019E10
-6778.91322141
-13966.2823743
-218.47368785

Harpalyke
0.0
-6.44944619505E11
3.67426559032E11
8.41647388498E9
-5391.75765837
-12996.6525834
1197.06299932

Kalyke
0.0
-6.43726592438E11
3.30463835929E11
2.00633710054E10
-8436.54177465
-12912.1963128
79.2419568433

Iocaste
0.0
-6.39500972145E11
3.4975902283E11
4.6655519768E8
-6781.85113094
-13839.2102741
253.362476322

Erinome
0.0
-6.52712995011E11
3.71536207058E11
7.23973292973E9
-4935.06505032
-13102.0398311
133.08131878

Isonoe
0.0
-6.78224763163E11
3.28447763944E11
6.47153651449E9
-8352.24306063
-10838.3359966
33.9593156468

Praxidike
0.0
-6.46758464098E11
3.30622864203E11
6.80569518308E9
-7728.25869877
-13486.9840776
1012.44676962

Autonoe
0.0
-6.47553735691E11
3.74967503591E11
5.48258958478E9
-5242.17447065
-12473.7998899
-534.689459613

Thyone
0.0
-6.60479202648E11
3.25928004632E11
4.58068544788E9
-8561.01220046
-11852.4067463
1109.64579391

Hermippe
0.0
-6.71067020832E11
3.29505373402E11
2.53990329229E10
-8607.27108874
-11098.5997513
375.933447549

Aitne
0.0
-6.80777767508E11
3.65446148994E11
8.13223481617E9
-5694.17465496
-10071.3980979
-228.132335429

Eurydome
0.0
-6.819673355E11
3.48923816725E11
2.32370917743E10
-6328.32553435
-9648.56302729
-637.902955088

Euanthe
0.0
-6.47997352799E11
3.42598236344E11
4.63070994211E9
-8101.91322617
-14410.5013908
605.310240403

Euporie
0.0
-6.69771417372E11
3.31976073977E11
1.39945919504E10
-8787.67138184
-11230.4166022
-1256.10873608

Orthosie
0.0
-6.85311384354E11
3.50381351829E11
2.5010133796E10
-6079.30045343
-10157.0587669
768.511269786

Sponde
0.0
-6.74915218164E11
3.23819360698E11
4.37538354361E8
-8009.33082151
-10923.6470282
-244.134022812

Kale
0.0
-6.89164203887E11
3.50425817534E11
6.60013009343E9
-6301.17130237
-10035.7403248
43.2895775928

Pasithee
0.0
-6.68556770063E11
3.22008975328E11
2.03687132619E10
-8358.21854511
-11094.6376004
270.663869678

Hegemone
0.0
-6.59472640316E11
3.20885919233E11
2.29129260644E10
-8363.47158015
-11350.1851297
559.82342205

Mneme
0.0
-6.64143325575E11
3.68175132614E11
1.36638779441E9
-4465.29468626
-11848.8782057
521.814231727

Aoede
0.0
-6.5170074102E11
3.18125261453E11
1.66982400342E9
-8111.42146235
-12055.0824498
41.7098472755

Thelxinoe
0.0
-6.41269474625E11
3.39361600813E11
1.02198970739E10
-8098.97417164
-13379.6956064
-771.129057258

Arche
0.0
-6.66432393798E11
3.6723224934E11
9.19063972761E9
-4239.9189341
-10701.0139565
-316.925128163

Kallichore
0.0
-6.52049729435E11
3.3039059248E11
1.8783007596E10
-8618.17466962
-13472.5633895
312.390241611

Helike
0.0
-6.62173344157E11
3.67731495811E11
1.28784839302E10
-4263.62265906
-11376.8815778
1327.17291744

Carpo
0.0
-6.58181623584E11
3.58438528297E11
1.81133506195E10
-9752.21458009
-13101.0756049
2183.02086326

Eukelade
0.0
-6.41964781891E11
3.70015811182E11
1.75939250801E10
-5438.1267146
-13095.0533885
-202.75962883

Cyllene
0.0
-6.62650068381E11
3.17396852294E11
8.75165578024E9
-8079.62147358
-12309.6859168
879.927596854

Kore
0.0
-6.69230138357E11
3.65486567541E11
9.34408795661E9
-4737.02132004
-10489.3163331
-1422.75871205

Herse
0.0
-6.88604124198E11
3.54272653725E11
1.93020499737E10
-6606.35464486
-9981.98154148
-34.5770976992

S/2000
J
11
0.0
-6.53346210767E11
3.54205803735E11
1.85232212222E10
-9079.17059491
-9250.81103384
-414.972544017

S/2003
J
2
0.0
-6.28600427962E11
3.31744746506E11
1.65966907094E10
-7741.49876239
-12818.1678462
713.154447713

S/2003
J
3
0.0
-6.72217249727E11
3.34289649796E11
1.30700819633E10
-8247.69808671
-10077.9309464
1674.37370786

S/2003
J
4
0.0
-6.74012058547E11
3.7025018154E11
2.58668353825E10
-4752.87424231
-11602.1884269
347.617117741

S/2003
J
5
0.0
-6.72041911112E11
3.63289941269E11
1.700635522E10
-4131.50499154
-10523.385016
578.969753013

S/2003
J
9
0.0
-6.72569038518E11
3.61243237321E11
8.83524597441E9
-4299.82528107
-9970.78537932
284.201322609

S/2003
J
10
0.0
-6.76689137095E11
3.72158526564E11
1.69182259236E10
-4862.0630707
-11526.4892527
495.402291212

S/2003
J
12
0.0
-6.52315622223E11
3.40177005538E11
1.98177042599E10
-7571.68127282
-15015.6200621
474.448797717

S/2003
J
15
0.0
-6.74214668935E11
3.60731596731E11
2.48660172182E10
-5350.41131956
-9670.4719584
250.934589877

S/2003
J
16
0.0
-6.45626658962E11
3.5898993544E11
1.01163546655E10
-5685.09341032
-13928.6027974
1592.91757656

S/2003
J
18
0.0
-6.82544499666E11
3.47127292807E11
7.04988665305E9
-7073.62399289
-9878.8225478
1315.6798066

S/2003
J
19
0.0
-6.33045645964E11
3.50887646336E11
1.62809519603E10
-6855.32832216
-13651.3473534
603.922078449

S/2003
J
23
0.0
-6.35252954949E11
3.45625845347E11
2.63584979434E10
-6943.51974976
-13479.9182426
894.624692028

S/2010
J
1
0.0
-6.53420502774E11
3.20716201701E11
1.2957068369E10
-8326.08747913
-12431.4129532
661.311076934

S/2010
J
2
0.0
-6.5138619116E11
3.623991033E11
5.65475442621E9
-4674.69158552
-13403.1133998
1272.15524429

S/2011
J
1
0.0
-6.36464410098E11
3.43784138211E11
6.77342810643E9
-7529.7202075
-13715.2317179
245.740197892

S/2011
J
2
0.0
-6.77224373635E11
3.31663853903E11
1.76854942929E10
-7670.8033798
-10048.1564863
-814.355341015

Mimas
0.0
-1.99173605506E11
-1.36440894515E12
3.17734476974E10
4966.61883806
-15624.8277764
33.1827418497

Enceladus
0.0
-1.99239389493E11
-1.36447773192E12
3.177448852E10
10288.6915124
-14493.6791601
-358.39397713

Tethys
0.0
-1.99293007096E11
-1.36451139699E12
3.17691734243E10
11447.7094277
-13103.3679608
-288.985704894

Dione
0.0
-1.99377717164E11
-1.36444732206E12
3.17743240139E10
9243.18624105
-11908.12516
-359.731221516

Rhea
0.0
-1.98680155073E11
-1.36405037894E12
3.17771829418E10
3065.56191033
3288.88348821
-334.176251304

Titan
0.0
-1.97777085459E11
-1.36418970988E12
3.17727296475E10
8629.22570124
3412.9316315
-329.908742573

Hyperion
0.0
-1.98343604671E11
-1.3658158624E12
3.17830646355E10
14360.1006662
221.369302558
-311.405726454

Iapetus
0.0
-2.02526800899E11
-1.36531507397E12
3.22633703778E10
10539.1883546
-4961.54191479
-535.351811326

Phoebe
0.0
-2.10764990555E11
-1.36629957158E12
3.25577027212E10
9251.10314189
-112.394772664
-247.438297009

Janus
0.0
-1.99150150729E11
-1.36448884557E12
3.17747324339E10
11928.8616382
-17710.4588894
-319.42326043

Epimetheus
0.0
-1.98850786389E11
-1.36445792775E12
3.17746355138E10
8951.29329993
13960.3160716
-454.100071701

Helene
0.0
-1.99193483705E11
-1.3647933138E12
3.17758561775E10
18420.0959395
-6978.82114259
-348.95870358

Telesto
0.0
-1.99109739124E11
-1.3647424621E12
3.17764969876E10
20339.813634
-6041.71851607
-137.281906652

Calypso
0.0
-1.99184555749E11
-1.3642371186E12
3.17752806403E10
900.034506725
-8914.54657134
-653.03513841

Atlas
0.0
-1.98866048615E11
-1.36444336452E12
3.17744979218E10
6766.37218872
14437.5603765
-358.376395343

Prometheus
0.0
-1.99010826629E11
-1.3643291428E12
3.1774504857E10
-6665.32002076
-2945.25980938
-359.184569126

Pandora
0.0
-1.98868777036E11
-1.36451919686E12
3.17744674652E10
15681.1529309
13332.2842116
-371.720365086

Pan
0.0
-1.99113041774E11
-1.36439475479E12
3.17744927345E10
511.879244371
-15947.0984888
-357.771979987

Methone
0.0
-1.99183486995E11
-1.36439986274E12
3.17744735186E10
4871.52475977
-14954.4724809
-360.624662105

Pallene
0.0
-1.99152251588E11
-1.3643200168E12
3.17744935199E10
379.839265763
-11449.9798615
-357.543134422

Polydeuces
0.0
-1.99138441634E11
-1.36411673365E12
3.17752836865E10
378.835640296
-5340.26679126
-335.104310085

Daphnis
0.0
-1.9912378251E11
-1.36440758314E12
3.17744952635E10
2374.25995642
-16809.8296463
-356.955657162

Anthe
0.0
-1.99045137385E11
-1.36466053358E12
3.17744664376E10
23310.1864056
-4946.14496102
-354.648573378

Aegaeon
0.0
-1.98952213739E11
-1.36430832381E12
3.17744953679E10
-4597.38127137
2550.96394324
-357.885817394

Ymir
0.0
-1.75079189305E11
-1.38117887097E12
2.93075370607E10
9073.07952409
-2540.4576078
-412.77751615

Paaliaq
0.0
-2.08287411467E11
-1.35681401492E12
3.38521176622E10
9188.11610552
-3072.94441433
-1748.95071205

Tarvos
0.0
-2.10591411083E11
-1.38194269208E12
4.18533479253E10
10694.4207083
-2106.72255518
-915.244718553

Ijiraq
0.0
-1.99538144952E11
-1.37121718062E12
3.70256531267E10
11705.6193225
-2987.02881368
-1152.81825202

Suttungr
0.0
-2.07659924464E11
-1.38008260813E12
3.14643733339E10
8526.85247396
-1047.11078792
-248.540890566

Kiviuq
0.0
-2.01218341189E11
-1.37463594827E12
2.07649428923E10
11057.3578534
-2119.05778984
-458.734965583

Mundilfari
0.0
-1.80681631649E11
-1.35858320594E12
3.56616187914E10
10426.3122737
-3061.85036909
-184.137542702

Albiorix
0.0
-2.0337029474E11
-1.37468031025E12
3.6153423493E10
10866.9608794
-3510.15108875
-830.620240517

Skathi
0.0
-1.89331449872E11
-1.37967477668E12
2.92262289746E10
9011.23704948
-2810.27029768
165.435909363

Erriapus
0.0
-1.86228466039E11
-1.37667074808E12
3.48482495624E10
10125.0031131
-731.992072443
-1159.74609389

Siarnaq
0.0
-1.90424082918E11
-1.37846218279E12
1.55711740032E10
10586.8597987
-1133.97188381
-450.215791484

Thrymr
0.0
-1.97507595302E11
-1.35014638712E12
3.15566716724E10
11560.640211
-1365.68448077
-433.198471549

Narvi
0.0
-2.19003293462E11
-1.37616669991E12
2.2519613006E10
8928.9559914
-1373.09927167
-70.2337881934

Aegir
0.0
-2.03773984619E11
-1.37974853627E12
2.81353954532E10
8136.35203338
-1637.00712213
-306.380595531

Bebhionn
0.0
-1.74707785825E11
-1.35859807754E12
3.34714487127E10
9715.13176721
-1140.49199573
-866.424175052

Bergelmir
0.0
-2.11687387728E11
-1.35319851472E12
3.77534652509E10
10956.7352572
-951.38190296
-192.705870331

Bestla
0.0
-1.75547194879E11
-1.36416609339E12
1.61953983241E10
9608.45337925
-2713.7762576
-56.1224671156

Farbauti
0.0
-2.02569381828E11
-1.3834082213E12
2.48519138441E10
8602.36355519
-1241.87619937
-524.896937755

Fenrir
0.0
-1.79755082381E11
-1.37852756176E12
2.54228285193E10
9174.63402993
-2883.23925686
-422.905609529

Fornjot
0.0
-1.99804293837E11
-1.33476934656E12
3.27881226167E10
10793.7715535
-1951.80331259
-527.713161142

Hati
0.0
-2.16949429083E11
-1.34424536808E12
3.02606424024E10
10429.3633586
-1225.43727469
-586.841169845

Hyrrokkin
0.0
-2.08604821618E11
-1.37973575108E12
3.38789087674E10
8980.23699866
-886.166195137
-1048.60690787

Kari
0.0
-2.08053493322E11
-1.38599541068E12
3.75729311109E10
9114.85568948
-912.643961265
-147.851872317

Loge
0.0
-1.80469999055E11
-1.36971626217E12
3.17468086832E10
9259.68523571
-3262.97898697
-35.9079704776

Skoll
0.0
-1.84876335526E11
-1.36344556647E12
2.72712238027E10
10678.6952992
-3351.99640175
-404.638471878

Surtur
0.0
-2.19901524088E11
-1.3412309941E12
3.72781542386E10
10263.0398426
-1165.05318472
-357.916763351

Jarnsaxa
0.0
-1.83457697617E11
-1.38085568438E12
3.79623189168E10
8908.67131236
-2585.33633326
-265.767798506

Greip
0.0
-1.97379383762E11
-1.37999101285E12
3.31355528889E10
8146.36197365
-1582.2405431
-356.857017622

Tarqeq
0.0
-1.96150512365E11
-1.38440568164E12
2.6375823782E10
10639.3951373
-1591.11284488
-1205.92999824

S/2004
S
7
0.0
-2.11703079141E11
-1.34385824191E12
2.78396949194E10
10321.7769196
-918.276929897
-633.928750566

S/2004
S
12
0.0
-2.09282677787E11
-1.37234722072E12
3.51819484875E10
8587.97130252
-359.620657171
-354.680418571

S/2004
S
13
0.0
-2.12807394967E11
-1.35776346633E12
3.41566931563E10
10216.286039
-275.103547831
-107.922107876

S/2004
S
17
0.0
-1.77358178902E11
-1.36780304816E12
3.44171239215E10
9439.06894833
-3035.6142858
-175.615383732

S/2006
S
1
0.0
-1.9285945813E11
-1.34777183632E12
2.39325463625E10
11119.2095435
-2200.23547028
-461.195780119

S/2006
S
3
0.0
-2.27000851403E11
-1.37734517826E12
3.22574363547E10
9399.90818915
-1162.15696158
-38.0962923

S/2007
S
2
0.0
-1.88355684775E11
-1.37763878785E12
3.23096543548E10
8826.95255146
-3005.48355409
-493.569252438

S/2007
S
3
0.0
-2.04223378336E11
-1.38189047052E12
3.20792001276E10
8479.85999118
-1209.13081186
-306.532511998

Ariel
0.0
-2.66438635246E12
-7.93761063813E11
3.15874821874E10
1968.54486448
-12159.7148627
-57.3546306067

Umbriel
0.0
-2.66436868204E12
-7.9356928247E11
3.15880115534E10
-1317.9983438
-9704.77052086
-55.0912677055

Titania
0.0
-2.66390878258E12
-7.93442128958E11
3.15869574263E10
-508.298883659
-4248.81373736
-50.6174955905

Oberon
0.0
-2.66384393011E12
-7.94235411797E11
3.15877421128E10
4746.88142439
-4747.33301215
-50.4626485707

Miranda
0.0
-2.66406994909E12
-7.93801607555E11
3.15907153818E10
3833.57511072
-179.504964701
422.37553896

Cordelia
0.0
-2.66417879067E12
-7.93723355834E11
3.15874629673E10
-7899.3460791
-2964.57200146
-40.1607417876

Ophelia
0.0
-2.66416956784E12
-7.93817386569E11
3.15874935589E10
11308.2945923
-1711.0680475
-66.9330077857

Bianca
0.0
-2.66422542622E12
-7.93821479477E11
3.15875334667E10
10796.8648316
-11595.2640202
-81.6413595605

Cressida
0.0
-2.66413684971E12
-7.93751653729E11
3.15874178226E10
-664.573121231
2583.05477563
-53.6419194449

Desdemona
0.0
-2.66415227181E12
-7.93815265414E11
3.15874412566E10
9149.39243514
24.6329726805
-35.0080011996

Juliet
0.0
-2.66415561235E12
-7.93820480294E11
3.15874935507E10
9638.65516819
-727.573584555
-57.1994136903

Portia
0.0
-2.66413339913E12
-7.93791887848E11
3.15874914218E10
5312.33963656
2188.99219165
-52.2332027483

Rosalind
0.0
-2.66417248798E12
-7.93836050934E11
3.15870861115E10
10816.4632518
-3612.70639853
-48.6440358274

Belinda
0.0
-2.66413903557E12
-7.93819588285E11
3.15874502177E10
7994.55663954
-34.9530105199
-50.1280564195

Puck
0.0
-2.66412016457E12
-7.93811038992E11
3.15878504627E10
6136.10770952
569.004194454
-32.9604105189

Perdita
0.0
-2.66413285586E12
-7.93725359232E11
3.15880567157E10
-2771.68360809
350.750995361
-49.0905955891

Mab
0.0
-2.6642835091E12
-7.93726986316E11
3.15874908732E10
-1148.69490705
-13568.9260942
-71.0231501069

Cupid
0.0
-2.66423935297E12
-7.9383061088E11
3.15875249036E10
9386.9250477
-11803.9983299
-44.2902929258

Caliban
0.0
-2.66997855033E12
-7.92464948523E11
3.19084735358E10
2426.11745819
-5833.3274133
612.396516151

Sycorax
0.0
-2.65132852111E12
-7.86789348949E11
2.71096002004E10
2220.03212547
-7181.9777958
-72.1092903834

Prospero
0.0
-2.65240773055E12
-8.1204181109E11
3.48311813317E10
1860.17059772
-6720.82530878
105.852260503

Setebos
0.0
-2.65491822189E12
-7.67655326047E11
3.16273612077E10
2492.04099578
-6741.74694318
-162.234021853

Stephano
0.0
-2.66146739672E12
-8.00030257218E11
2.67046066005E10
1435.73597949
-6780.46006452
-30.0100275868

Trinculo
0.0
-2.67273326289E12
-7.99599499319E11
3.07469245556E10
1862.95081413
-6125.04685704
85.2008294713

Francisco
0.0
-2.66186150728E12
-7.96421409223E11
3.27448852933E10
1487.65805376
-7581.70690179
-637.84623689

Margaret
0.0
-2.65380052335E12
-7.95742962947E11
2.65326700065E10
2043.33337705
-6270.12167212
575.275382555

Ferdinand
0.0
-2.64998290698E12
-7.93338701154E11
3.00966177993E10
2445.22298365
-7336.53654675
-174.636605239

Triton
0.0
-2.36152688576E12
3.80257524824E12
-2.37684090618E10
-791.239496343
-955.494525413
1069.95871615

Nereid
0.0
-2.36052325402E12
3.81156337559E12
-2.27942991814E10
-5060.70748953
-3047.63036322
128.074265408

Naiad
0.0
-2.36133968901E12
3.80233622886E12
-2.38850377853E10
-16058.4676588
272.747588393
991.434956244

Thalassa
0.0
-2.36133897256E12
3.8022417097E12
-2.38870567122E10
6617.11881796
301.226893726
145.227565755

Despina
0.0
-2.36138266236E12
3.80233303999E12
-2.38870865068E10
-13988.23386
-9410.24047622
175.425670948

Galatea
0.0
-2.36134870081E12
3.80235168095E12
-2.38871048414E10
-15095.8629492
-2226.93005998
170.398592176

Larissa
0.0
-2.36127929306E12
3.80229535885E12
-2.38869137234E10
-5330.4163598
6687.41357246
185.502461882

Proteus
0.0
-2.36134451082E12
3.80217247407E12
-2.38872338943E10
2987.14687141
-2376.12170397
173.828026399

S/2004
N
1
0.0
-2.36129593169E12
3.80220120772E12
-2.38871325942E10
2169.05417485
1434.40421287
166.310205795

Halimede
0.0
-2.36384661202E12
3.79196921289E12
-3.97504315684E10
-5071.64704703
-3210.02838329
261.61673973

Psamathe
0.0
-2.31073515656E12
3.76358586539E12
-4.79701390197E10
-4697.05714917
-3081.10085155
304.741411244

Sao
0.0
-2.35515946221E12
3.78118371301E12
-4.26816209064E10
-4315.42757469
-2691.99173066
-12.9349245241

Laomedeia
0.0
-2.35415048669E12
3.82606230546E12
-1.98204224889E10
-5053.54240192
-3044.55945897
375.121072205

Neso
0.0
-2.36208487998E12
3.85091607834E12
-6.07656317704E10
-4387.10386667
-2904.56705826
356.452713725

Charon
0.0
-6.43033285968E12
-1.41555260644E12
2.01155109377E12
1772.55885165
-3560.35614524
-68.4616088587

Nix
0.0
-6.43034577506E12
-1.41548774734E12
2.01155112091E12
1463.86400163
-3684.04242398
-68.4984351277

Hydra
0.0
-6.43038278117E12
-1.41558768163E12
2.01155141792E12
1690.94323827
-3749.03099594
-68.8063399834

Kerberos
0.0
-6.4303463049E12
-1.4155940629E12
2.01155085482E12
1720.63251814
-3683.97713627
-67.7807662574

Styx
0.0
-6.43038538209E12
-1.4155450126E12
2.01155113646E12
1626.93802503
-3819.20350908
-68.6917361584

1
Ceres
0.0
2.57344327307E11
3.27501223561E11
-3.71299434304E10
-14380.0604157
9936.97071695
2963.60023084

2
Pallas
0.0
4.59598786179E11
-7.49145244712E10
1.3269214802E10
-771.387354132
13020.2279273
-8932.43905831

3
Juno
0.0
-8.99937422356E10
-4.69267901152E11
1.10216302184E11
14412.0738599
-1025.63782432
-352.453119208

4
Vesta
0.0
-2.12087190321E11
3.04809756054E11
1.66619415943E10
-14146.6115662
-11578.3741084
2067.76818131

5
Astraea
0.0
-1.16279241581E11
-3.81464613201E11
3.48731000017E10
15769.006931
-8345.36439272
-306.267911241

6
Hebe
0.0
-2.03627341307E11
-3.42275520216E11
1.02970740366E11
15354.0653706
-6467.45127168
-1390.90712448

7
Iris
0.0
1.98722575793E11
-2.9005049098E11
2.39769840664E10
13043.037184
14500.7617723
986.547812488

8
Flora
0.0
2.69043685914E11
-1.28422764294E11
-2.11889395325E10
6753.71361109
20918.2363772
-1420.05625912

9
Metis
0.0
-2.99822928826E11
1.61499040541E11
3.29722769649E10
-11471.0220247
-16502.1870219
465.739542212

10
Hygiea
0.0
-1.50537910542E11
-3.89580344724E11
-1.57823645011E10
17309.364342
-7210.71503669
1018.16735674

11
Parthenope
0.0
2.48619210778E11
2.58557987779E11
-2.8554426525E10
-12572.9934244
14763.3450088
132.922681019

12
Victoria
0.0
-3.51802263418E11
-8.06156744391E10
-3.58863062273E10
7826.26709895
-16885.5596893
2358.28370286

13
Egeria
0.0
-1.67763111519E11
2.95019982539E11
9.79551381936E10
-17270.5482216
-10357.9843521
1272.61761401

14
Irene
0.0
-2.81213151189E11
1.67908324943E11
4.68480913483E10
-9216.02283937
-19306.9939236
1267.59732819

15
Eunomia
0.0
-3.65658981502E11
2.03706349117E11
-5.31818580225E10
-10403.5588483
-13263.2021022
-3071.49387467

16
Psyche
0.0
3.70508976472E11
-1.05168795401E11
-5.00172108646E9
4066.34106483
19186.4169684
-1011.21719151

17
Thetis
0.0
3.67397215651E11
1.07943182471E11
-3.53976714084E10
-2940.34731639
17945.3375262
-787.46018124

18
Melpomene
0.0
5.3823888826E10
2.86195339481E11
-4.92476489633E10
-21144.4797622
8053.83092855
610.305424763

19
Fortuna
0.0
2.89396831192E11
1.06597142799E11
1.60534946853E9
-8349.77687884
20673.8061645
-604.788568251

20
Massalia
0.0
3.67999593085E11
-4.02131806286E10
2.44896427719E9
-586.961766496
18666.7512468
-210.480097402

20
Massalia
0.0
3.67999593085E11
-4.02131806286E10
2.44896427719E9
-586.961766496
18666.7512468
-210.480097402
